201801041730
Object_type,color,num_latlonpairs,latlons,object_size,text,width,smoothing,closedline_flag,filledline_flag,pipdirection
line_solid,0xffcd8200,5,17.79,-78.23,17.52,-79.06,16.25,-81.07,14.17,-82.74,13.84,-82.81,,,1,2,0,0,
front_trof_strng,0xffff8247,2,25.00,-127.31,24.43,-127.82,,,,2,,,
front_cold_strng,0xff0000ff,2,16.18,-79.07,16.03,-79.21,,,,2,,,r
line_solid,0xffcd8200,2,18.01,-102.30,18.01,-102.30,,,1,2,0,0,
line_solid,0xffcd8200,9,18.03,-102.37,19.18,-104.14,20.69,-105.27,22.97,-105.97,23.66,-106.73,23.27,-107.22,22.14,-107.26,19.66,-107.14,18.02,-107.73,,,1,2,0,0,
line_solid,0xffcd8200,2,16.51,-118.60,16.51,-118.60,,,1,2,0,0,
line_solid,0xffcd8200,3,17.37,-121.67,19.51,-125.41,20.02,-125.91,,,1,2,0,0,
symbol_high,0xff0000ff,1,27.47,-119.12,1.500000,,,,,,
text,0xffcd8200,1,16.262405,-81.052513,1.100000,1016,,,,,
symbol_high,0xff0000ff,1,22.08,-98.52,1.500000,,,,,,
text,0xffffffff,1,23.463181,-98.806931,1.100000,1032,,,,,
text,0xffffffff,1,24.116665,-116.164398,1.100000,1020,,,,,
symbol_high,0xff0000ff,1,40.74,-94.46,1.500000,,,,,,
text,0xffffffff,1,39.515255,-91.456184,1.000000,1033,,,,,
symbol_lowp,0xffff0000,1,45.34,-118.46,1.500000,,,,,,
symbol_high,0xff0000ff,1,43.53,-110.70,1.500000,,,,,,
text,0xffffffff,1,41.996670,-108.782661,1.000000,1036,,,,,
text,0xffffffff,1,42.394958,-101.906639,1.000000,1023,,,,,
text,0xffcd8200,1,43.799393,-99.910965,1.000000,1024,,,,,
front_warm_strng,0xffff0000,8,43.58,-100.00,43.22,-99.75,42.39,-99.78,41.00,-100.19,38.85,-100.74,37.50,-100.41,36.33,-99.65,35.43,-98.57,,,,2,,,l
front_trof_strng,0xffff8247,5,37.20,-101.29,36.02,-101.86,34.60,-103.27,33.07,-104.16,32.18,-105.03,,,,2,,,
symbol_lowp,0xffff0000,1,43.60,-100.04,1.500000,,,,,,
line_solid,0xffcd8200,7,43.35,-100.19,43.34,-99.94,43.53,-99.74,43.76,-99.82,43.88,-100.11,43.81,-100.35,43.55,-100.36,,,1,2,1,0,
symbol_high,0xff0000ff,1,47.18,-106.91,1.500000,,,,,,
text,0xffffffff,1,45.899059,-106.515579,1.000000,1027,,,,,
symbol_lowp,0xffff0000,1,37.57,-70.74,1.500000,,,,,,
front_trof_strng,0xffff8247,7,36.10,-94.18,34.42,-92.11,33.92,-88.96,34.12,-85.70,35.14,-82.92,36.47,-79.95,37.04,-78.25,,,,2,,,
symbol_lowp,0xffff0000,1,44.79,-76.91,1.500000,,,,,,
text,0xffffffff,1,47.297787,-78.405258,1.000000,1010,,,,,
front_stny_dying,0xffff0000,6,47.96,-72.84,48.05,-73.98,47.51,-74.79,46.71,-75.30,45.31,-76.71,44.76,-76.92,,,,2,,,r
front_occl_strng,0xff912cee,4,39.03,-71.39,39.86,-69.39,39.80,-67.27,39.30,-65.30,,,,2,,,l
front_cold_strng,0xff0000ff,3,39.29,-65.30,38.64,-64.14,37.63,-63.21,,,,2,,,l
front_warm_strng,0xffff0000,3,39.30,-65.30,38.84,-63.09,38.54,-62.07,,,,2,,,l
line_solid,0xffcd8200,19,62.29,-29.95,62.29,-30.32,62.16,-32.34,61.86,-34.23,61.38,-35.90,60.34,-38.50,59.82,-39.48,59.16,-40.31,58.54,-40.68,57.73,-40.68,56.99,-40.25,56.23,-39.38,55.32,-37.36,54.82,-35.10,54.65,-32.57,54.74,-31.23,55.02,-29.75,55.81,-27.12,55.85,-26.95,,,1,2,0,0,
line_solid,0xffcd8200,13,61.75,179.64,61.75,179.86,61.75,180.06,61.75,-179.83,61.75,-179.70,61.74,-179.14,61.67,-178.43,61.52,-177.70,61.26,-176.96,61.00,-176.41,60.72,-175.89,60.44,-175.38,60.21,-174.95,,,1,2,0,0,
text,0xffcd8200,1,60.903564,-176.230347,1.000000,1000,,,,,
line_solid,0xffcd8200,18,63.12,-30.44,63.08,-31.33,62.78,-33.77,62.27,-35.71,61.57,-37.52,60.18,-40.45,59.45,-41.35,58.53,-41.76,57.63,-41.60,56.59,-40.83,55.84,-39.84,55.21,-38.55,54.42,-35.88,53.99,-32.94,53.94,-31.41,54.02,-29.57,54.09,-27.85,53.83,-26.24,,,1,2,0,0,
line_solid,0xffcd8200,13,53.84,-139.06,54.06,-137.80,53.80,-136.71,53.04,-136.11,52.33,-136.11,51.63,-136.15,51.03,-136.69,50.92,-137.80,51.15,-138.82,51.81,-139.81,52.57,-140.11,53.23,-139.85,53.80,-139.13,,,1,2,1,0,
text,0xffcd8200,1,51.028561,-136.686691,1.000000,1000,,,,,
line_solid,0xffcd8200,11,63.12,-179.56,63.12,-179.49,63.02,-177.48,62.61,-175.45,62.15,-173.96,61.60,-172.74,61.01,-171.81,60.41,-170.91,59.82,-169.94,59.24,-168.95,58.67,-168.01,,,1,2,0,0,
text,0xffcd8200,1,61.009365,-171.809509,1.000000,1004,,,,,
line_solid,0xffcd8200,17,64.05,-31.03,63.89,-32.29,63.38,-34.83,62.81,-36.56,62.08,-38.27,60.68,-41.31,59.97,-42.36,59.06,-42.86,58.20,-42.78,57.10,-42.20,56.12,-41.24,55.32,-40.01,54.32,-37.49,53.64,-34.80,53.21,-31.92,52.94,-28.86,52.72,-28.13,,,1,2,0,0,
line_solid,0xffcd8200,12,64.34,-178.78,64.16,-177.08,63.60,-173.71,63.16,-170.75,62.84,-169.71,62.35,-168.87,61.35,-167.98,60.37,-167.07,59.40,-166.07,58.48,-164.76,57.55,-163.41,57.09,-162.75,,,1,2,0,0,
text,0xffcd8200,1,60.911098,-167.587158,1.000000,1008,,,,,
line_solid,0xffcd8200,17,65.20,-31.82,64.39,-34.60,63.80,-36.41,63.07,-38.15,61.67,-41.45,61.05,-43.09,60.22,-44.24,59.38,-44.35,58.38,-44.00,57.47,-43.44,56.32,-42.42,55.54,-41.43,54.81,-40.16,53.82,-37.65,53.08,-35.06,52.49,-32.39,52.24,-31.16,,,1,2,0,0,
line_solid,0xffcd8200,26,76.52,-161.03,76.75,-160.49,77.03,-158.80,77.18,-156.75,77.22,-154.67,77.16,-150.97,76.98,-146.76,76.78,-143.23,76.48,-139.31,76.14,-136.07,75.65,-132.62,75.07,-129.97,74.55,-128.57,73.91,-127.98,73.52,-128.23,73.16,-128.96,72.79,-130.50,72.57,-132.45,72.55,-135.24,72.80,-138.24,73.63,-143.95,74.02,-146.79,74.41,-150.21,75.18,-157.12,75.76,-160.06,76.17,-160.96,,,1,2,1,0,
text,0xffcd8200,1,73.202896,-128.829681,1.000000,1008,,,,,
text,0xffcd8200,1,39.146320,-129.610428,1.000000,1008,,,,,
line_solid,0xffcd8200,31,65.60,-177.89,65.21,-175.94,64.94,-173.80,64.93,-172.05,65.11,-169.21,65.54,-167.89,66.27,-167.68,67.34,-169.13,68.04,-169.36,68.80,-168.66,69.22,-167.42,69.24,-165.66,68.98,-164.38,68.71,-163.83,68.05,-163.43,67.49,-162.94,66.95,-161.85,66.31,-161.01,65.63,-161.40,64.46,-163.41,63.00,-164.71,62.38,-164.88,61.80,-164.56,60.64,-162.56,59.55,-161.54,58.29,-160.58,57.26,-158.91,56.02,-157.81,54.99,-155.99,53.72,-154.55,53.62,-154.49,,,1,2,0,0,
text,0xffcd8200,1,64.965721,-162.483505,1.000000,1012,,,,,
text,0xffcd8200,1,70.131729,-128.814545,1.000000,1012,,,,,
line_solid,0xffcd8200,20,66.20,-32.58,65.30,-35.22,64.64,-37.05,63.83,-38.93,63.13,-40.53,62.75,-41.69,62.44,-43.19,62.28,-45.29,62.10,-46.55,61.66,-47.55,60.77,-47.76,59.63,-46.77,57.49,-44.60,56.45,-43.57,55.45,-42.36,54.71,-41.18,54.05,-39.82,53.06,-37.20,52.21,-34.53,51.84,-33.24,,,1,2,0,0,
text,0xffcd8200,1,59.929047,-135.641891,1.000000,1012,,,,,
text,0xffcd8200,1,62.050880,-146.787872,1.000000,1016,,,,,
line_solid,0xffcd8200,20,67.03,-33.25,66.81,-34.04,66.03,-36.53,64.48,-40.69,63.90,-42.84,63.70,-45.61,63.42,-48.01,62.95,-49.38,62.46,-50.09,61.54,-50.58,60.42,-50.38,59.38,-49.32,58.41,-47.57,57.56,-46.20,56.49,-44.83,55.47,-43.56,54.58,-42.24,53.24,-39.54,52.16,-36.84,51.48,-34.95,,,1,2,0,0,
text,0xffcd8200,1,59.498756,-49.491165,1.000000,1016,,,,,
text,0xffcd8200,1,57.312901,-60.303013,1.000000,1016,,,,,
line_solid,0xffcd8200,41,67.76,-33.89,67.00,-37.03,66.29,-39.72,65.52,-42.37,64.98,-45.04,64.69,-47.37,64.21,-50.16,63.78,-51.48,63.31,-52.36,62.50,-53.22,61.63,-53.80,61.23,-54.65,61.51,-55.47,62.46,-56.95,63.24,-58.67,63.46,-60.60,63.21,-62.86,62.86,-64.00,62.30,-64.96,61.42,-65.37,60.55,-65.04,58.65,-63.85,57.85,-63.30,57.04,-62.51,56.51,-61.65,56.27,-60.85,56.00,-59.15,55.88,-57.71,56.14,-56.14,56.95,-54.52,57.89,-53.47,58.21,-52.94,58.31,-52.20,58.02,-50.63,57.53,-48.96,56.91,-47.43,55.45,-45.01,53.83,-42.45,52.69,-40.24,51.51,-37.73,51.07,-36.70,,,1,2,0,0,
text,0xffcd8200,1,58.076351,-63.469364,1.000000,1020,,,,,
text,0xffcd8200,1,58.415134,-65.718979,1.000000,1024,,,,,
line_solid,0xffcd8200,9,81.67,-75.87,81.48,-75.10,81.25,-74.17,81.03,-73.15,80.83,-72.09,80.69,-70.93,80.67,-69.57,80.80,-67.92,80.84,-67.59,,,1,2,0,0,
text,0xffcd8200,1,81.254890,-74.169472,1.000000,1028,,,,,
line_solid,0xffcd8200,18,49.91,-40.82,51.30,-42.92,52.01,-44.23,52.68,-45.88,53.05,-47.44,53.13,-49.40,52.81,-53.15,52.79,-56.76,52.89,-58.42,52.79,-60.30,50.71,-60.37,48.62,-58.83,47.64,-58.86,47.13,-58.71,46.79,-57.96,45.79,-56.92,44.63,-55.98,43.56,-55.04,,,1,2,0,0,
text,0xffcd8200,1,52.851467,-57.884171,1.000000,1028,,,,,
line_solid,0xffcd8200,17,41.26,-111.27,41.34,-111.17,41.40,-111.06,41.46,-110.91,41.50,-110.73,41.49,-110.56,41.40,-110.45,41.27,-110.41,41.15,-110.45,41.08,-110.54,41.03,-110.68,40.99,-110.85,40.97,-111.04,40.99,-111.20,41.06,-111.30,41.16,-111.32,41.23,-111.30,,,1,2,1,0,
text,0xffcd8200,1,41.150730,-110.446823,1.000000,1028,,,,,
line_solid,0xffcd8200,5,38.29,-105.12,38.27,-105.12,38.26,-105.12,38.26,-105.12,38.28,-105.12,,,1,2,1,0,
line_solid,0xffcd8200,18,79.33,-57.95,78.70,-58.82,78.12,-58.99,77.45,-58.54,76.86,-57.57,76.19,-56.02,74.92,-53.34,73.62,-51.46,72.30,-49.67,70.93,-47.66,70.26,-46.45,69.69,-44.98,69.37,-43.53,69.21,-41.70,69.20,-39.99,69.32,-37.76,69.59,-35.76,69.60,-35.71,,,1,2,0,0,
text,0xffcd8200,1,50.396358,-52.849037,1.000000,1032,,,,,
line_solid,0xffcd8200,15,77.86,-51.74,77.09,-51.18,76.13,-49.31,75.22,-47.33,74.73,-46.66,74.24,-46.34,73.36,-46.21,72.45,-45.89,71.47,-44.92,70.99,-44.09,70.56,-42.96,70.15,-40.69,70.13,-38.02,70.31,-36.60,70.33,-36.54,,,1,2,0,0,
text,0xffcd8200,1,51.030537,-95.668213,1.000000,1036,,,,,
line_solid,0xffcd8200,13,39.97,-68.42,39.34,-68.17,38.17,-68.31,37.18,-68.90,36.52,-69.82,36.36,-71.06,36.94,-72.32,37.86,-72.99,38.81,-72.95,39.48,-72.55,39.96,-71.75,40.27,-70.65,40.38,-69.28,,,1,2,1,0,
text,0xffcd8200,1,32.369305,-75.489845,1.000000,1008,,,,,
text,0xffcd8200,1,33.235771,-74.094398,1.000000,1004,,,,,
text,0xffcd8200,1,34.060295,-73.418030,1.000000,1000,,,,,
text,0xffcd8200,1,35.056438,-72.633774,1.000000,992,,,,,
text,0xffcd8200,1,35.535801,-72.427162,1.000000,988,,,,,
text,0xffcd8200,1,34.617847,-72.882561,1.000000,996,,,,,
text,0xffffffff,1,36.296604,-73.273354,1.000000,951,,,,,
text,0xffcd8200,1,39.775860,-80.851830,1.000000,1016,,,,,
text,0xffcd8200,1,42.170574,-79.299194,1.000000,1012,,,,,
front_trof_strng,0xffff8247,8,47.58,-92.10,46.76,-90.10,45.76,-86.66,43.47,-84.88,42.79,-82.79,43.13,-80.85,44.49,-78.53,44.76,-77.41,,,,2,,,
text,0xffcd8200,1,40.919922,-108.427689,1.000000,1032,,,,,
line_solid,0xffcd8200,7,44.69,-110.19,44.62,-111.25,43.63,-111.76,42.51,-111.20,42.27,-110.02,42.92,-109.16,43.91,-109.21,,,1,2,1,0,
text,0xffcd8200,1,44.541630,-111.426147,1.000000,1032,,,,,
text,0xffffffff,1,44.368523,-118.042572,1.000000,1021,,,,,
line_solid,0xffcd8200,6,40.56,-137.86,41.04,-138.09,42.41,-138.71,43.82,-139.83,45.05,-141.80,45.40,-142.52,,,1,2,0,0,
line_solid,0xffcd8200,33,48.79,-146.65,51.80,-146.65,57.72,-145.05,59.10,-144.89,59.75,-144.62,60.02,-143.23,59.70,-141.62,59.69,-139.99,59.92,-136.60,59.90,-135.21,59.67,-133.88,58.92,-132.71,58.15,-132.20,57.15,-131.16,56.09,-130.54,55.02,-129.83,54.12,-129.58,53.35,-129.34,52.77,-128.50,52.26,-127.47,51.49,-127.12,50.79,-126.83,48.98,-127.14,47.37,-125.92,45.38,-125.86,42.09,-125.11,39.31,-125.51,37.44,-126.34,36.09,-127.41,34.74,-128.69,33.71,-130.04,32.75,-131.50,32.54,-132.11,,,1,2,0,0,
text,0xffcd8200,1,44.879848,-131.683365,1.000000,1004,,,,,
line_solid,0xffcd8200,24,55.02,-140.46,55.57,-139.38,55.91,-138.11,55.99,-136.77,55.61,-135.62,54.65,-133.89,53.89,-133.49,53.13,-133.40,51.78,-133.06,50.16,-132.50,48.04,-131.73,46.12,-131.14,44.80,-131.47,43.65,-132.00,43.47,-132.76,44.36,-133.67,47.08,-135.79,48.29,-137.28,49.23,-139.13,50.11,-140.77,50.91,-141.69,51.65,-142.14,52.90,-142.24,54.24,-141.42,,,1,2,1,0,
line_solid,0xffcd8200,42,57.30,-140.59,57.75,-139.70,58.06,-138.63,57.82,-136.80,57.56,-135.80,57.08,-135.02,56.41,-134.13,56.09,-133.30,55.75,-132.61,55.17,-131.96,54.13,-131.06,52.93,-130.99,51.60,-130.23,50.90,-129.09,50.59,-128.50,50.04,-128.42,49.09,-129.25,47.88,-128.58,46.76,-127.79,45.70,-127.65,43.42,-127.64,41.90,-127.67,40.65,-127.99,39.65,-128.85,39.09,-129.81,38.74,-131.11,38.86,-132.42,39.36,-133.56,40.03,-134.51,40.96,-135.25,43.39,-136.56,45.53,-137.98,46.71,-139.29,47.56,-140.69,48.43,-141.92,49.52,-142.89,50.73,-143.70,51.84,-144.10,52.78,-144.12,53.74,-143.79,54.81,-143.01,55.83,-142.09,,,1,2,1,0,
front_trof_strng,0xffff8247,9,37.39,-117.24,35.93,-115.76,34.34,-114.04,31.91,-113.79,30.42,-113.16,28.46,-111.36,26.20,-109.04,23.67,-106.92,21.01,-106.14,,,,2,,,
text,0xffcd8200,1,25.181362,-103.936218,1.100000,1024,,,,,
text,0xffcd8200,1,41.841999,-117.797920,1.000000,1024,,,,,
text,0xffcd8200,1,25.587315,-106.471725,1.100000,1020,,,,,
text,0xffcd8200,1,20.780222,-84.133614,1.100000,1020,,,,,
text,0xffcd8200,1,43.255955,-121.985123,1.000000,1020,,,,,
text,0xffcd8200,1,27.854780,-79.726974,1.000000,1020,,,,,
text,0xffcd8200,1,31.165277,-76.558823,1.100000,1012,,,,,
text,0xffcd8200,1,29.272194,-77.962143,1.100000,1016,,,,,
line_solid,0xffcd8200,25,41.17,-58.65,42.05,-59.68,43.21,-61.56,43.91,-63.30,44.59,-65.32,44.89,-66.24,44.98,-67.17,44.78,-69.19,44.48,-70.91,43.76,-72.77,42.19,-76.06,41.39,-76.52,40.62,-77.20,39.72,-77.64,38.97,-77.74,38.04,-77.87,37.16,-77.74,36.01,-77.48,34.72,-76.47,33.74,-76.24,31.96,-74.83,30.84,-72.87,30.41,-71.27,30.36,-70.15,30.37,-70.03,,,1,2,0,0,
front_cold_dying,0xff0000ff,8,44.70,-76.93,43.61,-76.57,42.60,-75.77,41.64,-75.47,39.86,-75.16,36.81,-74.56,34.29,-75.77,32.98,-78.47,,,,2,,,l
text,0xffcd8200,1,24.956875,-90.135445,1.100000,1024,,,,,
text,0xffcd8200,1,38.578514,-85.010193,1.000000,1024,,,,,
text,0xffcd8200,1,37.049347,-109.995155,1.000000,1028,,,,,
line_solid,0xffcd8200,14,41.06,-109.11,41.10,-107.77,40.84,-107.16,40.22,-107.04,39.68,-107.49,39.42,-108.04,39.60,-108.43,39.51,-108.94,39.00,-109.36,38.81,-109.50,38.59,-109.92,38.96,-110.59,39.75,-110.86,40.61,-110.17,,,1,2,1,0,
symbol_high,0xff0000ff,1,40.07,-109.38,1.500000,,,,,,
text,0xffffffff,1,38.681759,-111.452950,1.000000,1034,,,,,
symbol_lowp,0xffff0000,1,41.25,-111.09,1.500000,,,,,,
text,0xffffffff,1,39.853214,-112.802147,1.000000,1025,,,,,
line_solid,0xffcd8200,11,46.82,-114.08,45.93,-114.69,44.94,-114.54,44.44,-113.65,44.72,-112.91,45.89,-113.05,46.35,-112.50,46.49,-111.97,46.87,-112.01,47.06,-112.54,47.09,-113.13,,,1,2,1,0,
text,0xffcd8200,1,44.400284,-113.509140,1.000000,1032,,,,,
symbol_high,0xff0000ff,1,45.79,-113.92,1.500000,,,,,,
text,0xffffffff,1,43.905869,-114.515457,1.000000,1035,,,,,
symbol_high,0xff0000ff,1,49.58,-115.77,1.500000,,,,,,
text,0xffffffff,1,47.724960,-114.116302,1.000000,1034,,,,,
text,0xffcd8200,1,52.088390,-118.413399,1.000000,1032,,,,,
line_solid,0xffcd8200,12,51.34,-116.36,52.25,-117.44,52.32,-118.36,51.72,-118.56,51.06,-118.19,50.43,-116.98,49.37,-116.42,48.65,-115.47,48.66,-114.77,49.31,-114.88,50.04,-114.92,50.80,-115.46,,,1,2,1,0,
symbol_high,0xff0000ff,1,51.56,-117.46,1.500000,,,,,,
text,0xffffffff,1,52.311626,-115.307495,1.000000,1035,,,,,
line_solid,0xffcd8200,56,52.28,-120.61,52.82,-120.21,53.12,-119.35,53.06,-118.23,52.74,-117.46,51.89,-116.24,51.15,-115.19,50.24,-114.70,48.91,-114.38,48.16,-113.09,47.27,-112.04,46.72,-110.84,45.66,-109.92,45.09,-108.19,44.35,-107.33,43.12,-107.22,42.10,-107.36,41.60,-107.11,41.56,-106.42,41.35,-105.85,40.99,-105.40,40.54,-104.55,40.26,-104.73,40.33,-105.75,39.81,-106.58,39.14,-107.03,38.53,-106.48,38.39,-104.97,37.92,-104.75,37.12,-105.43,36.09,-106.90,35.97,-108.13,36.82,-108.99,37.41,-110.60,37.90,-112.54,38.81,-113.91,40.07,-114.54,41.02,-114.72,41.60,-114.27,41.89,-113.42,42.45,-112.99,43.27,-113.72,43.58,-115.57,43.55,-117.12,43.96,-117.70,44.49,-117.22,44.81,-116.00,45.28,-115.75,46.22,-115.91,47.23,-115.50,48.13,-116.37,48.47,-117.54,48.10,-119.38,49.03,-120.07,49.95,-121.05,50.80,-121.23,,,1,2,1,0,
front_trof_strng,0xffff8247,7,46.81,-109.87,48.05,-110.96,49.04,-112.26,50.44,-112.73,52.54,-112.56,53.95,-113.61,55.13,-115.54,,,,2,,,
symbol_high,0xff0000ff,1,55.69,-97.64,1.500000,,,,,,
text,0xffffffff,1,53.625507,-96.414558,1.000000,1038,,,,,
line_solid,0xffcd8200,20,61.80,-98.49,61.11,-97.07,60.05,-96.06,57.62,-94.50,56.36,-92.47,55.01,-91.45,53.48,-91.81,51.59,-93.89,51.10,-95.97,52.06,-98.55,53.26,-100.07,54.26,-100.54,55.45,-101.47,56.71,-101.94,57.41,-102.21,58.32,-102.22,59.50,-101.67,60.27,-101.26,60.94,-100.68,61.55,-99.78,,,1,2,1,0,
line_solid,0xffcd8200,57,71.58,-96.77,71.42,-95.27,71.16,-94.03,70.57,-91.89,69.93,-89.70,69.21,-88.08,68.28,-86.58,67.25,-85.60,66.26,-85.16,65.11,-85.25,64.03,-85.96,63.15,-87.15,62.45,-88.77,61.60,-89.83,60.97,-89.90,60.51,-89.63,59.64,-88.56,58.76,-87.67,57.68,-87.40,54.17,-86.36,50.84,-85.83,48.76,-87.18,47.81,-89.16,47.01,-91.15,45.02,-91.30,44.04,-90.56,43.39,-90.30,42.91,-90.80,42.97,-91.55,43.36,-92.02,44.10,-92.24,44.36,-93.12,43.81,-93.89,44.18,-94.69,44.75,-94.80,45.77,-94.59,46.75,-95.28,47.54,-96.97,48.88,-98.57,50.83,-99.91,52.16,-101.32,52.82,-101.91,53.56,-102.82,54.30,-103.52,55.24,-103.89,56.75,-104.09,58.92,-104.67,62.96,-104.95,65.02,-106.04,65.98,-105.76,66.83,-104.53,67.73,-103.00,68.82,-101.95,70.24,-101.30,70.82,-100.71,71.23,-99.79,71.51,-98.41,,,1,2,1,0,
text,0xffcd8200,1,45.301476,-91.553886,1.000000,1032,,,,,
text,0xffcd8200,1,39.258213,-93.375999,1.000000,1032,,,,,
text,0xffcd8200,1,23.896782,-100.469963,1.100000,1028,,,,,
text,0xffcd8200,1,37.455330,-87.483749,1.000000,1028,,,,,
line_solid,0xffcd8200,8,40.52,-92.86,41.29,-93.69,42.25,-94.67,41.48,-95.39,39.91,-95.19,39.29,-94.24,39.31,-93.20,39.75,-92.72,,,1,2,1,0,
line_solid,0xffcd8200,33,41.58,-58.07,42.82,-59.53,44.10,-62.04,45.11,-64.32,45.57,-65.64,45.80,-67.01,45.65,-69.32,46.21,-70.83,46.44,-72.23,46.50,-73.40,46.78,-73.92,47.21,-74.03,47.56,-74.44,47.52,-75.09,46.77,-76.26,45.80,-77.06,45.39,-78.12,44.80,-78.83,44.07,-79.03,42.97,-78.63,40.05,-79.36,39.26,-79.28,38.32,-79.70,37.33,-80.45,36.27,-80.88,35.51,-80.74,34.94,-79.99,34.47,-79.22,33.05,-77.95,31.37,-76.56,30.00,-74.79,28.99,-72.80,28.58,-71.43,,,1,2,0,0,
text,0xffcd8200,1,42.408760,-98.042801,1.000000,1028,,,,,
line_solid,0xffcd8200,24,40.74,-59.25,41.44,-60.04,42.84,-62.07,43.74,-64.31,43.99,-65.58,44.22,-66.43,44.16,-67.29,43.90,-68.23,43.90,-69.18,43.57,-70.78,42.80,-72.52,42.09,-73.96,41.75,-74.79,41.10,-75.56,39.86,-76.40,38.39,-76.68,37.22,-76.54,36.01,-75.92,33.90,-74.35,32.94,-73.53,32.01,-72.18,31.63,-70.85,31.62,-69.38,31.68,-68.93,,,1,2,0,0,
front_stny_strng,0xffff0000,5,44.50,-66.54,43.68,-68.31,42.83,-69.63,41.39,-70.93,40.26,-72.15,,,,2,,,r
line_solid,0xffcd8200,22,40.25,-59.90,41.06,-60.74,41.97,-62.17,42.93,-63.70,43.46,-65.63,43.40,-67.03,43.16,-68.31,43.16,-69.85,42.48,-71.55,41.94,-72.91,41.09,-74.35,39.96,-75.42,38.60,-75.81,37.50,-75.85,36.36,-75.37,35.46,-74.69,34.49,-73.67,33.66,-72.57,33.09,-71.03,32.99,-69.80,33.13,-68.44,33.34,-67.48,,,1,2,0,0,
front_trof_strng,0xffff8247,4,40.59,-68.62,41.61,-66.74,42.42,-63.90,42.63,-61.64,,,,2,,,
line_solid,0xffcd8200,22,39.67,-60.65,40.34,-61.15,41.39,-62.74,42.22,-63.82,42.62,-64.62,42.86,-65.68,42.85,-66.92,42.62,-68.53,42.60,-69.92,41.99,-71.45,41.51,-72.73,40.61,-74.05,39.42,-74.88,38.09,-75.28,37.09,-75.12,36.03,-74.56,35.21,-73.65,34.35,-72.28,34.01,-71.00,34.00,-69.64,34.54,-67.18,34.80,-66.08,,,1,2,0,0,
line_solid,0xffcd8200,16,40.81,-69.39,40.74,-68.27,40.20,-67.43,39.56,-67.08,38.55,-67.30,37.38,-67.87,36.47,-68.83,35.99,-69.93,35.92,-70.97,36.21,-71.91,36.67,-72.68,37.48,-73.32,38.60,-73.44,39.62,-72.87,40.22,-72.14,40.60,-70.72,,,1,2,1,0,
line_solid,0xffcd8200,19,41.62,-67.01,40.83,-65.31,39.32,-63.40,38.07,-63.35,37.25,-64.35,36.54,-65.96,35.73,-67.94,35.35,-68.98,35.10,-70.20,35.19,-71.43,35.64,-72.66,36.35,-73.64,37.26,-74.26,38.18,-74.35,39.35,-73.92,40.44,-73.06,41.01,-71.79,41.41,-70.99,41.41,-70.00,,,1,2,1,0,
line_solid,0xffcd8200,16,41.05,-71.17,41.07,-70.07,41.25,-68.47,40.88,-67.30,40.17,-66.46,39.28,-66.00,37.68,-66.59,36.52,-67.83,35.72,-69.32,35.56,-71.01,36.30,-72.82,37.36,-73.76,38.47,-73.82,39.44,-73.44,40.18,-72.88,40.57,-72.18,,,1,2,1,0,
line_solid,0xffcd8200,20,38.68,-61.87,39.89,-62.42,41.45,-64.47,42.12,-65.73,42.22,-67.37,41.93,-69.49,41.91,-70.51,41.38,-71.89,40.98,-72.88,40.50,-73.55,39.75,-74.11,38.57,-74.71,37.37,-74.72,36.43,-74.34,35.49,-73.23,34.83,-72.00,34.59,-70.33,34.94,-68.42,35.62,-66.19,35.95,-65.06,,,1,2,0,0,
line_solid,0xffcd8200,30,42.01,-57.44,42.61,-58.04,43.55,-59.31,44.34,-60.84,45.20,-62.07,46.15,-63.30,46.66,-64.74,46.94,-66.34,47.65,-67.72,48.33,-69.58,49.50,-71.09,49.91,-72.84,49.68,-74.56,48.06,-76.49,45.98,-79.49,44.40,-80.81,42.97,-81.11,41.28,-80.79,40.15,-80.73,39.05,-80.65,37.84,-81.03,36.88,-81.75,35.69,-83.01,34.80,-83.56,33.79,-83.07,32.65,-81.62,30.95,-80.04,28.86,-77.56,27.34,-75.49,26.19,-73.16,,,1,2,0,0,
text,0xffcd8200,1,36.750004,-71.153435,1.000000,972,,,,,
text,0xffcd8200,1,36.448299,-71.482826,1.000000,976,,,,,
text,0xffcd8200,1,36.127373,-71.793724,1.000000,980,,,,,
text,0xffcd8200,1,35.817562,-72.077652,1.000000,984,,,,,
line_solid,0xffcd8200,12,39.80,-69.82,39.29,-69.27,38.52,-68.97,37.76,-69.00,37.08,-69.46,36.65,-70.33,36.75,-71.47,37.22,-72.21,37.86,-72.58,38.67,-72.45,39.47,-71.75,39.91,-70.68,,,1,2,1,0,
text,0xffcd8200,1,36.938049,-70.815331,1.000000,968,,,,,
text,0xffcd8200,1,38.141724,-70.323204,1.000000,964,,,,,
line_solid,0xffcd8200,8,39.07,-70.24,39.24,-71.17,38.62,-71.99,37.79,-72.07,37.05,-71.48,36.90,-70.47,37.45,-69.68,38.33,-69.68,,,1,2,1,0,
line_solid,0xffcd8200,7,38.23,-70.29,38.49,-71.08,38.09,-71.63,37.52,-71.64,37.11,-71.22,37.06,-70.48,37.51,-70.07,,,1,2,1,0,
text,0xffcd8200,1,37.574158,-70.082985,1.000000,960,,,,,
line_solid,0xffcd8200,7,37.89,-70.43,38.03,-70.89,37.72,-71.36,37.30,-71.26,37.10,-70.82,37.24,-70.42,37.58,-70.25,,,1,2,1,0,
line_solid,0xffcd8200,6,37.70,-70.51,37.80,-70.88,37.56,-71.12,37.32,-71.02,37.26,-70.65,37.47,-70.42,,,1,2,1,0,
line_solid,0xffcd8200,36,37.61,-70.80,37.60,-70.83,37.60,-70.85,37.58,-70.86,37.57,-70.88,37.56,-70.89,37.54,-70.90,37.52,-70.91,37.50,-70.91,37.48,-70.90,37.47,-70.90,37.45,-70.89,37.44,-70.87,37.42,-70.86,37.41,-70.84,37.41,-70.82,37.40,-70.79,37.40,-70.77,37.41,-70.75,37.41,-70.73,37.42,-70.70,37.43,-70.69,37.44,-70.67,37.46,-70.66,37.48,-70.65,37.49,-70.64,37.51,-70.64,37.53,-70.65,37.55,-70.65,37.56,-70.66,37.58,-70.68,37.59,-70.69,37.60,-70.71,37.61,-70.74,37.61,-70.76,37.61,-70.78,,,1,0,1,0,
line_solid,0xffcd8200,100,81.06,-140.53,80.84,-137.80,80.52,-134.35,80.17,-131.18,79.39,-125.35,78.93,-122.68,78.40,-120.26,77.80,-118.15,77.13,-116.28,76.34,-114.51,75.60,-113.18,74.82,-112.23,74.19,-111.86,73.66,-111.84,72.04,-112.67,69.10,-113.11,68.47,-113.63,67.95,-114.38,66.99,-116.67,66.50,-117.94,65.97,-118.81,65.25,-119.22,64.43,-119.28,63.62,-119.12,62.94,-118.43,61.85,-116.32,60.98,-114.68,60.31,-114.49,59.94,-115.37,60.00,-116.74,59.58,-117.48,59.10,-116.75,58.33,-116.60,57.82,-117.25,57.16,-116.96,56.23,-115.15,55.42,-113.35,54.72,-112.80,53.89,-112.82,53.45,-113.29,53.29,-114.51,53.51,-115.40,53.89,-116.09,54.27,-116.88,54.46,-117.76,54.54,-120.06,54.91,-120.93,55.55,-121.62,56.15,-122.48,56.57,-123.38,56.83,-124.38,56.74,-125.65,56.18,-126.36,55.47,-126.47,54.27,-125.83,53.06,-125.71,51.68,-125.64,51.11,-125.20,50.72,-124.56,50.08,-122.74,49.55,-122.02,48.79,-121.37,47.48,-121.55,46.26,-122.07,45.08,-122.15,43.81,-122.06,42.18,-121.33,41.35,-120.41,40.78,-120.23,39.31,-120.12,38.02,-119.94,37.16,-120.36,36.60,-120.86,36.05,-120.56,35.63,-119.23,35.14,-118.73,34.57,-118.25,34.10,-118.17,33.50,-118.21,32.90,-118.00,32.30,-117.92,32.13,-117.58,32.46,-117.14,33.50,-116.61,33.89,-115.90,34.17,-115.17,35.24,-114.81,35.12,-113.96,34.23,-113.01,34.01,-111.62,33.24,-110.64,32.02,-110.67,30.39,-109.99,28.07,-108.16,25.22,-106.26,22.58,-104.31,20.15,-102.44,19.14,-100.53,18.57,-98.37,17.64,-97.73,,,1,2,0,0,
line_solid,0xffcd8200,98,81.95,-130.26,81.92,-129.99,81.39,-125.86,80.85,-122.26,80.28,-119.11,79.62,-116.24,78.95,-114.07,78.17,-112.24,77.29,-110.52,76.49,-109.11,75.47,-107.82,74.58,-107.35,73.50,-107.77,71.58,-109.61,70.54,-109.88,69.45,-109.91,68.65,-110.19,67.91,-110.85,66.66,-112.66,65.99,-113.50,65.13,-113.90,64.11,-113.39,63.34,-112.61,62.63,-111.70,61.78,-110.95,60.72,-110.47,59.42,-109.74,57.90,-109.57,55.37,-108.85,53.43,-107.40,52.39,-107.93,51.41,-106.79,50.46,-105.93,49.40,-104.56,48.80,-104.95,48.76,-105.92,49.61,-107.04,50.02,-108.52,50.31,-109.60,50.25,-111.13,50.29,-112.21,49.16,-112.03,48.23,-111.38,48.42,-112.29,49.20,-113.09,50.23,-113.29,51.12,-114.05,52.03,-114.65,52.48,-116.30,53.68,-117.97,53.77,-119.71,53.73,-121.73,53.68,-123.53,52.88,-124.85,52.25,-125.04,51.54,-124.74,51.12,-123.87,50.87,-122.80,49.89,-121.45,48.40,-120.53,46.51,-121.07,44.77,-121.13,43.35,-119.73,41.57,-117.05,40.02,-115.85,38.65,-115.77,37.11,-114.88,35.47,-111.97,34.50,-110.79,34.78,-109.09,34.30,-108.31,34.08,-107.82,34.13,-107.14,34.50,-106.52,35.77,-105.61,36.70,-104.42,37.08,-103.69,37.32,-102.75,36.87,-102.49,36.05,-102.89,35.73,-102.68,35.98,-101.81,34.85,-101.29,33.57,-101.81,31.46,-101.88,30.51,-102.70,30.82,-103.89,30.80,-104.93,29.60,-105.91,27.99,-105.86,26.21,-104.66,23.74,-102.81,21.69,-101.26,20.62,-100.20,19.67,-99.04,18.95,-97.81,17.89,-97.21,17.53,-96.93,,,1,2,0,0,
front_trof_strng,0xffff8247,4,31.10,-93.30,30.94,-90.25,31.39,-87.01,32.08,-84.72,,,,2,,,
line_solid,0xffcd8200,40,42.47,-56.76,43.47,-57.77,45.02,-59.97,46.78,-61.91,48.42,-64.54,50.08,-66.84,51.01,-69.76,51.57,-71.41,51.69,-72.87,51.47,-74.03,50.97,-75.11,50.05,-76.12,49.14,-76.92,47.50,-78.91,46.82,-80.01,46.05,-80.92,44.53,-82.37,43.54,-82.76,42.68,-82.80,41.86,-82.48,40.81,-82.82,39.90,-82.80,39.17,-82.43,38.50,-82.23,37.59,-82.53,36.79,-82.93,36.16,-83.53,35.46,-84.20,34.59,-84.68,33.24,-84.51,31.53,-83.50,29.39,-81.06,27.42,-79.20,25.42,-78.72,23.47,-79.59,21.99,-82.91,20.19,-84.50,18.07,-85.24,15.41,-85.88,15.04,-86.12,,,1,2,0,0,
line_solid,0xffcd8200,2,17.13,-94.41,17.13,-94.41,,,1,2,0,0,
line_solid,0xffcd8200,43,17.17,-94.23,18.42,-93.75,20.66,-93.67,22.92,-92.59,24.95,-90.01,26.79,-88.40,29.41,-85.74,30.68,-85.52,31.67,-86.24,32.94,-85.85,34.05,-86.10,36.19,-85.68,38.17,-84.83,39.37,-85.05,40.57,-85.71,41.84,-86.27,42.87,-86.32,43.73,-86.17,44.59,-85.71,45.13,-84.92,45.59,-83.52,45.93,-82.72,46.58,-82.02,47.30,-81.16,48.14,-80.04,49.12,-78.85,50.11,-77.94,51.04,-77.53,52.00,-76.78,52.88,-75.02,53.35,-73.18,53.46,-71.10,53.42,-69.97,53.12,-68.77,52.71,-67.95,51.95,-66.44,51.37,-64.37,49.98,-62.87,48.83,-61.37,47.29,-60.49,45.74,-59.11,44.33,-57.37,42.97,-55.98,,,1,2,0,0,
front_trof_strng,0xffff8247,3,48.44,-74.46,51.16,-72.80,54.22,-69.06,,,,2,,,
line_solid,0xffcd8200,13,49.14,-43.13,49.63,-44.16,50.19,-45.90,50.49,-47.77,50.58,-49.74,50.53,-51.73,50.15,-53.66,49.74,-54.72,48.91,-55.55,47.92,-55.68,46.69,-55.16,45.48,-54.48,44.32,-53.77,,,1,2,0,0,
line_solid,0xffcd8200,123,69.02,-35.10,68.68,-36.85,68.25,-40.99,67.92,-45.35,68.00,-46.96,68.53,-48.39,69.61,-49.63,71.82,-52.87,74.39,-61.26,73.14,-64.84,70.00,-63.95,68.84,-65.05,69.59,-73.65,68.62,-77.58,66.31,-79.26,65.13,-79.04,63.78,-78.55,62.48,-77.42,61.80,-76.85,61.12,-76.02,60.01,-74.28,58.65,-72.73,58.14,-72.20,57.53,-72.03,56.88,-72.45,56.23,-73.29,55.82,-74.27,55.63,-75.25,55.82,-77.67,55.78,-78.86,55.23,-79.74,53.65,-80.31,52.05,-80.82,50.75,-80.99,49.84,-81.10,49.04,-81.56,48.50,-82.23,47.86,-83.30,47.32,-84.28,47.02,-85.06,47.01,-86.03,47.02,-87.10,46.62,-88.25,45.90,-88.29,44.80,-87.39,43.74,-87.84,42.21,-87.90,41.05,-88.45,40.45,-88.46,40.10,-88.03,39.72,-87.64,38.74,-87.39,37.89,-87.11,36.78,-86.91,35.98,-87.27,35.44,-87.82,34.72,-88.68,33.88,-89.27,33.05,-89.55,32.30,-90.42,31.38,-91.01,30.66,-90.89,29.95,-90.26,29.12,-90.47,28.30,-92.44,27.65,-94.65,26.32,-96.25,24.34,-97.00,22.24,-97.05,20.15,-96.52,19.79,-97.53,20.68,-99.19,22.61,-100.31,24.98,-100.60,27.17,-101.75,28.36,-101.73,29.54,-100.32,30.89,-99.59,32.27,-98.76,34.70,-99.57,36.05,-99.38,36.87,-99.44,37.99,-99.33,39.05,-99.33,39.99,-98.98,41.45,-98.23,42.73,-97.91,44.08,-97.93,45.00,-98.43,46.77,-99.30,47.54,-99.97,48.26,-100.92,49.16,-101.80,50.38,-102.16,51.34,-103.09,52.32,-103.81,52.89,-104.95,53.73,-105.71,56.30,-106.24,62.04,-107.88,63.11,-108.55,64.14,-109.45,64.77,-109.93,65.44,-110.10,66.42,-109.46,67.50,-107.99,68.07,-107.32,68.79,-106.80,70.19,-106.60,70.93,-106.45,71.62,-105.94,72.56,-104.55,73.50,-102.87,74.72,-101.31,75.41,-100.88,76.11,-100.78,76.85,-101.21,77.48,-102.20,78.69,-104.79,79.91,-106.76,81.35,-108.73,82.20,-109.93,82.68,-110.45,,,1,2,0,0,
line_solid,0xffcd8200,14,60.90,-58.95,59.99,-57.41,59.03,-56.67,58.09,-56.72,57.31,-57.72,57.15,-59.48,57.30,-60.25,57.73,-61.10,58.62,-61.92,59.55,-62.32,60.50,-62.26,60.94,-61.87,61.27,-60.85,61.26,-60.10,,,1,2,1,0,
text,0xffcd8200,1,56.091278,-34.556805,1.000000,988,,,,,
line_solid,0xffcd8200,14,59.11,-30.96,58.09,-31.18,57.19,-31.70,56.61,-32.60,56.18,-33.73,56.12,-35.08,56.37,-36.49,56.99,-37.81,57.52,-38.25,58.06,-38.30,58.91,-37.50,59.55,-35.76,59.86,-33.40,59.63,-31.49,,,1,2,1,0,
text,0xffcd8200,1,55.396912,-35.160755,1.000000,992,,,,,
text,0xffcd8200,1,55.001278,-35.794353,1.000000,996,,,,,
text,0xffcd8200,1,54.891605,-37.682442,1.000000,1000,,,,,
text,0xffcd8200,1,55.770748,-40.992619,1.000000,1004,,,,,
text,0xffcd8200,1,57.254391,-43.672764,1.000000,1008,,,,,
text,0xffcd8200,1,58.517429,-46.246742,1.000000,1012,,,,,
line_solid,0xffcd8200,19,61.33,-29.41,61.33,-31.41,61.16,-33.10,60.81,-34.84,60.39,-36.30,59.83,-37.76,59.31,-38.72,58.64,-39.44,57.99,-39.65,57.15,-39.33,56.49,-38.58,55.97,-37.51,55.57,-36.15,55.33,-34.05,55.43,-32.44,55.78,-31.05,56.31,-29.99,57.44,-28.43,57.73,-27.71,,,1,2,0,0,
text,0xffcd8200,1,57.114704,-34.759285,1.000000,984,,,,,
line_solid,0xffcd8200,6,58.22,-34.07,58.40,-35.10,57.96,-36.01,57.29,-35.81,57.13,-34.65,57.61,-33.78,,,1,2,1,0,
symbol_lowp,0xffff0000,1,57.83,-34.82,1.500000,,,,,,
text,0xffffffff,1,57.251591,-30.202074,1.000000,982,,,,,
front_occl_dying,0xff912cee,4,58.66,-37.27,59.78,-35.22,60.37,-31.08,60.45,-28.96,,,,2,,,l
front_trof_strng,0xffff8247,6,75.92,-69.01,71.04,-57.03,66.45,-54.82,63.22,-50.58,59.90,-44.09,58.72,-39.71,,,,2,,,
line_solid,0xffcd8200,34,68.38,-34.46,68.20,-35.26,67.73,-38.01,67.10,-41.43,66.38,-44.49,65.91,-47.05,65.70,-49.35,65.70,-51.78,66.04,-53.68,65.99,-56.10,65.39,-59.97,65.02,-62.95,64.36,-66.84,64.06,-67.83,63.53,-68.94,62.62,-70.03,61.81,-69.86,61.01,-69.18,59.31,-66.65,58.55,-65.83,57.74,-65.24,56.83,-64.54,55.94,-63.37,55.15,-60.46,54.61,-58.88,54.56,-57.29,54.87,-54.44,55.48,-50.97,55.55,-49.53,55.36,-48.10,54.90,-46.63,54.28,-45.31,51.72,-40.74,50.55,-38.62,,,1,2,0,0,
text,0xffcd8200,1,70.232857,-41.926456,1.000000,1036,,,,,
text,0xffcd8200,1,69.314682,-42.703636,1.000000,1032,,,,,
text,0xffcd8200,1,71.386650,-40.309414,1.000000,1040,,,,,
line_solid,0xffcd8200,7,72.80,-39.88,72.80,-39.92,72.51,-41.14,71.89,-41.18,71.38,-39.96,71.51,-38.03,71.52,-38.03,,,1,2,0,0,
symbol_high,0xff0000ff,1,72.12,-39.09,1.500000,,,,,,
text,0xffffffff,1,70.824730,-45.531368,1.000000,1042,,,,,
front_cold_strng,0xff0000ff,12,43.60,-100.05,43.99,-100.58,45.07,-101.28,46.70,-101.68,48.20,-103.08,49.78,-105.33,51.02,-107.65,52.16,-109.09,53.24,-110.08,54.79,-111.83,55.87,-114.67,57.23,-118.76,,,,2,,,r
front_stny_strng,0xffff0000,7,57.23,-118.79,58.04,-121.41,59.91,-123.70,62.81,-125.44,65.29,-129.49,67.97,-133.77,70.30,-136.23,,,,2,,,r
front_stny_strng,0xffff0000,5,69.34,-144.55,69.39,-148.88,69.01,-153.89,69.19,-161.06,68.02,-166.23,,,,2,,,r
line_solid,0xffcd8200,26,73.78,-168.47,73.35,-166.26,72.77,-162.74,71.77,-157.24,71.61,-149.10,70.56,-143.55,70.07,-139.96,69.10,-137.80,68.91,-133.98,70.23,-129.01,71.09,-124.21,71.45,-123.01,71.94,-121.98,72.59,-121.23,73.28,-120.90,73.95,-121.00,74.72,-121.75,75.44,-123.21,76.02,-125.04,76.84,-128.99,77.63,-134.27,78.21,-139.40,78.49,-142.54,78.72,-145.91,78.97,-151.35,79.03,-153.52,,,1,2,0,0,
front_cold_strng,0xff0000ff,4,70.26,-136.10,69.67,-138.85,69.35,-141.69,69.34,-144.55,,,,2,,,r
symbol_lowp,0xffff0000,1,70.28,-136.25,1.500000,,,,,,
text,0xffffffff,1,71.528679,-130.283325,1.000000,1009,,,,,
symbol_lowp,0xffff0000,1,74.92,-138.62,1.500000,,,,,,
text,0xffffffff,1,75.886261,-142.958221,1.000000,1005,,,,,
front_trof_strng,0xffff8247,3,76.66,-161.19,75.35,-151.07,75.08,-141.50,,,,2,,,
front_trof_strng,0xffff8247,5,74.81,-137.27,74.07,-129.90,72.05,-124.25,69.74,-119.82,67.81,-113.30,,,,2,,,
front_occl_formg,0xff912cee,4,74.72,-137.45,73.45,-134.97,71.83,-134.68,70.30,-136.16,,,,2,,,l
symbol_lowp,0xffff0000,1,68.00,-166.31,1.500000,,,,,,
text,0xffffffff,1,70.349800,-166.385849,1.000000,1009,,,,,
front_trof_strng,0xffff8247,4,59.15,-142.71,60.30,-146.89,61.74,-149.39,63.77,-150.90,,,,2,,,
symbol_high,0xff0000ff,1,62.98,-141.84,1.500000,,,,,,
text,0xffffffff,1,61.970814,-139.759567,1.000000,1020,,,,,
line_solid,0xffcd8200,106,80.13,-147.50,80.04,-145.81,79.61,-139.67,78.96,-133.40,78.32,-128.71,77.89,-126.12,77.45,-123.92,76.93,-121.78,76.32,-119.79,75.66,-118.21,74.95,-117.01,74.03,-116.20,73.15,-116.11,70.59,-116.72,69.97,-117.02,69.46,-117.60,69.01,-118.79,68.75,-120.42,68.58,-122.42,68.30,-124.51,67.81,-125.79,67.18,-126.49,66.04,-127.04,65.44,-127.53,64.89,-128.54,64.40,-130.86,64.14,-133.66,64.20,-136.03,64.47,-138.56,64.61,-142.48,65.24,-143.11,66.33,-141.97,67.25,-143.80,67.02,-146.48,66.41,-148.77,66.04,-150.14,65.82,-151.52,65.74,-152.88,65.95,-154.33,66.37,-155.38,66.48,-156.26,66.05,-157.10,65.06,-157.25,64.33,-159.16,63.67,-159.37,63.07,-159.03,62.58,-158.76,62.04,-158.84,61.13,-159.26,60.39,-159.14,59.88,-158.49,59.57,-157.47,59.58,-156.37,59.92,-155.37,60.52,-154.70,61.81,-153.40,62.41,-152.37,62.79,-150.89,62.82,-149.39,62.50,-147.98,61.70,-145.79,61.22,-143.64,60.92,-141.20,60.89,-139.12,61.07,-137.79,61.56,-137.06,62.15,-136.60,62.42,-136.02,62.46,-135.20,62.18,-133.99,61.77,-133.00,61.25,-131.88,60.61,-130.91,58.25,-128.76,55.85,-128.54,54.33,-128.29,53.63,-127.81,53.25,-127.03,52.46,-126.49,51.71,-126.32,50.51,-125.59,49.87,-125.19,49.43,-124.61,49.46,-123.31,48.97,-122.83,48.39,-122.68,47.24,-122.73,46.13,-123.13,44.84,-123.27,44.09,-123.31,43.55,-123.14,43.00,-122.79,42.39,-122.86,41.58,-123.49,40.55,-123.56,39.44,-123.78,38.47,-123.81,37.19,-123.26,36.66,-123.22,36.17,-123.53,35.38,-124.41,34.42,-124.98,32.81,-125.78,31.10,-127.03,29.58,-128.44,28.30,-129.63,,,1,2,0,0,
symbol_high,0xff0000ff,1,64.12,-154.60,1.500000,,,,,,
text,0xffffffff,1,62.615757,-153.618027,1.000000,1017,,,,,
front_stny_strng,0xffff0000,3,61.67,-175.20,61.45,-178.20,61.09,179.33,,,,2,,,r
front_cold_strng,0xff0000ff,6,68.04,-166.21,67.14,-164.78,65.65,-164.38,63.79,-166.26,62.29,-170.03,61.66,-175.25,,,,2,,,l
front_trof_strng,0xffff8247,3,53.36,-76.83,55.80,-79.46,59.23,-81.50,,,,2,,,
symbol_lowp,0xffff0000,1,59.23,-60.19,1.500000,,,,,,
text,0xffffffff,1,59.401962,-54.403214,1.000000,1013,,,,,
front_trof_strng,0xffff8247,3,64.83,-69.95,62.28,-63.97,59.80,-60.72,,,,2,,,
front_trof_strng,0xffff8247,4,58.73,-60.36,57.10,-59.49,55.50,-58.18,53.61,-57.76,,,,2,,,
front_cold_strng,0xff0000ff,4,45.07,-133.21,41.92,-132.04,38.06,-131.96,34.33,-133.08,,,,2,,,l
front_cold_strng,0xff0000ff,4,52.43,-138.51,50.40,-135.90,48.20,-134.32,46.55,-133.66,,,,2,,,l
front_stny_strng,0xffff0000,4,53.89,-130.63,54.58,-133.46,53.97,-136.84,52.43,-138.56,,,,2,,,r
symbol_lowp,0xffff0000,1,52.43,-138.64,1.500000,,,,,,
text,0xffffffff,1,52.699200,-141.394775,1.000000,997,,,,,
symbol_lowp,0xffff0000,1,45.17,-133.28,1.500000,,,,,,
text,0xffffffff,1,43.607841,-135.040131,1.000000,1002,,,,,
front_stny_strng,0xffff0000,3,46.58,-133.66,45.50,-133.44,45.07,-133.21,,,,2,,,l
